5.5289
3.16916
4.38681
-1.04288
20.3292
5.48248
0.220581
-9.32587
26.2631
-5.0329
27.669
4.01953
-5.09412
-4.72089
-6.80573
-10.8347
-12.2495
-15.0092
-14.6859
-11.271
-9.04437
-6.28271
-3.52393
-2.21649
-0.528198
1.00568
-22.5031
-9.09302
-8.6532
-8.83337
-8.0014
-8.10797
-7.3515
-6.15222
-5.64435
-4.79108
-3.53619
-2.72363
-3.45465
-4.00732
-5.37448
-7.47116
-7.13849
-7.48611
-8.22147
-7.9769
-7.35107
-8.16934
-7.29214
-6.19431
-5.23523
-2.94574
-0.669556
2.39468
-16.3262
-4.42889
-3.26486
-3.41492
-3.78915
-3.87274
-4.36737
-4.80972
-5.37735
-5.74146
-5.61435
-5.63766
-4.66656
-6.60144
-5.23529
-3.52551
-1.64758
-0.788757
-1.26163
-2.05984
-2.1196
-0.916458
0.913651
-10.6513
-2.60336
-2.32004
-2.7254
-3.19798
-2.70177
-1.96642
0.037384
-9.4046
-1.39682
0.253845
-10.8496
-4.2224
-3.19882
-1.74557
0.00100708
-7.94633
-1.72038
-2.30991
-2.96699
-3.96296
-5.78088
-5.39534
-5.18044
-3.896
-1.61234
0.390533
-10.4764
-2.11401
-0.303917
1.37084
-8.58987
-3.217
-2.04467
-2.35044
-1.42258
-1.65048
-2.54898
-1.71535
-2.73615
-4.35653
-4.65732
-3.92254
-2.73957
-1.10516
-0.20419
-0.747407
-1.63852
-3.90427
-4.44252
-4.30756
-4.77374
-4.56829
-4.12834
-2.80251
-2.77127
-4.1822
-3.25882
-2.92029
-2.81415
-3.05216
-3.72314
-4.45273
-3.45769
-4.36778
-5.17009
-4.06335
-4.94847
-3.7748
-2.59828
-1.21393
0.303467
-7.44543
-0.692169
-0.810867
-2.42189
-4.52339
-4.98917
-3.5782
-3.49072
-4.08655
-4.61879
-4.22012
-3.35155
-1.93976
-3.57111
-3.49376
-2.93024
-4.55518
-1.42534
-0.620514
-1.16449
1.49969
-10.1256
-5.48056
-3.40152
-2.83459
0.692566
-7.93542
-3.96149
-3.91602
-4.72818
-5.75821
-6.78156
-6.12299
-6.0816
-6.16656
-4.27487
-4.41489
-3.5455
-0.593475
2.07938
-9.93762
-5.41812
-5.34039
-5.95636
-6.05838
-4.64008
-6.45465
-7.24069
-5.83743
-7.12808
-4.87411
-5.71555
-7.94638
-9.14731
-8.0965
-7.87253
-7.28192
-5.48984
-9.927
-9.34732
-8.87445
-7.35541
-5.88141
-5.45551
-5.14508
-4.67133
-5.21466
-6.46936
-6.89453
-7.63354
-7.59955
-7.50714
-7.33661
-7.66199
-7.85925
-9.39764
-10.199
-8.66217
-10.2573
-9.33813
-11.1872
-11.3059
-11.4684
-12.2043
-11.9962
-12.2515
-13.008
-11.1069
-12.3632
-12.414
-11.9714
-13.3657
-12.5237
-12.4397
-10.3765
-10.3035
-7.26843
-0.0971069
10.2093
-14.3173
16.3198
-1.39178
18.275
4.03018
0.790955
-0.13327
20.0161
9.97464
9.2886
7.22546
6.49094
5.99231
6.00012
5.5123
5.34348
8.21918
-2.78769
11.1627
-46.7452
4.28485
-20.8682
-44.5087
-29.4866
-23.6671
-12.9994
-0.757065
9.73842
-7.44458
15.5653
9.05382
6.17665
5.8989
6.81525
7.04831
7.72871
4.98385
-1.99168
8.62088
-8.24491
13.0625
3.53945
0.921471
2.28053
4.57221
5.99168
8.5211
7.81609
8.98051
8.65184
8.06784
8.39532
6.83889
7.20149
7.34326
5.8728
6.00001
-4.0751
-13.2339
-9.52166
-9.79349
4.03342
-72.1606
4.73798
2.87895
19.7762
8.13672
6.39188
8.55432
5.43611
4.36578
4.84612
6.16238
8.17203
10.3431
10.4023
10.1236
9.75833
8.57495
7.23959
6.4039
5.47137
5.21872
4.77899
3.79593
3.77856
3.55603
3.14279
2.13068
0.653442
0.0189514
-1.78445
20.5539
-1.48578
21.7811
-5.8371
27.342
5.8313
2.38495
1.24329
0.539856
0.152771
0.181274
-1.19586
28.2205
12.6228
11.9764
11.7868
11.3654
11.1073
10.7457
9.77209
9.34277
8.02606
6.91888
6.74554
6.97333
7.60864
8.31989
8.98273
9.13202
10.1631
10.3182
11.799
12.5081
12.8515
14.6196
14.4088
14.228
13.9309
12.9993
12.884
12.6814
11.9692
11.4849
11.5259
11.3334
12.3591
13.6918
14.3385
14.8625
14.8446
14.6436
13.9482
15.2977
15.947
17.0813
17.3903
8.84058
-12.0483
-9.53235
-11.1494
-15.4084
-16.7383
-15.8229
-14.9089
-11.7269
-8.13635
-7.66949
-6.42444
-5.50677
-6.4054
-10.7869
-2.67651
-12.6395
-18.8826
